{
  "height": 21,
  "width": 34,
  "x": 418.6942138671875,
  "y": 589.5535888671875
}