{
  "height": 37,
  "width": 55,
  "x": 360.703125,
  "y": 522.700927734375
}