{
  "height": 24,
  "width": 34,
  "x": 360.703125,
  "y": 276.6964460015297
}