{
  "height": 38,
  "width": 468,
  "x": 526.7745361328125,
  "y": 522.700927734375
}