{
  "height": 24,
  "width": 211,
  "x": 36.70759201049805,
  "y": 664.7098236083984
}