{
  "height": 24,
  "width": 34,
  "x": 360.703125,
  "y": 526.6964111328125
}