{
  "height": 37,
  "width": 55,
  "x": 360.703125,
  "y": 272.7008972167969
}