{
  "height": 24,
  "width": 23,
  "x": 384.69866943359375,
  "y": 562.700927734375
}