{
  "height": 24,
  "width": 23,
  "x": 384.69866943359375,
  "y": 402.7008972167969
}